
.. DO NOT EDIT.
.. THIS FILE WAS AUTOMATICALLY GENERATED BY SPHINX-GALLERY.
.. TO MAKE CHANGES, EDIT THE SOURCE PYTHON FILE:
.. "examples/generated/gravity_density.py"
.. LINE NUMBERS ARE GIVEN BELOW.

.. only:: html

    .. note::
        :class: sphx-glr-download-link-note

        Click :ref:`here <sphx_glr_download_examples_generated_gravity_density.py>`
        to download the full example code

.. rst-class:: sphx-glr-example-title

.. _sphx_glr_examples_generated_gravity_density.py:


Gravity Density Model
=====================

.. GENERATED FROM PYTHON SOURCE LINES 9-12

.. raw:: html

	<badge><a href="https://colab.research.google.com/github/inlab-geo/cofi-examples/blob/main/notebooks/gravity/gravity_density.ipynb" target="_parent"><img src="https://colab.research.google.com/assets/colab-badge.svg" alt="Open In Colab"/></a></badge>

.. GENERATED FROM PYTHON SOURCE LINES 15-22

If you are running this notebook locally, make sure you’ve followed
`steps
here <https://github.com/inlab-geo/cofi-examples#run-the-examples-with-cofi-locally>`__
to set up the environment. (This
`environment.yml <https://github.com/inlab-geo/cofi-examples/blob/main/envs/environment.yml>`__
file specifies a list of packages required to run the notebooks)


.. GENERATED FROM PYTHON SOURCE LINES 25-29

Adapted from `gravity forward
code <https://github.com/inlab-geo/inversion-test-problems/blob/main/contrib/gravityforward/__init__.py>`__
written in inversion-test-problems


.. GENERATED FROM PYTHON SOURCE LINES 32-37

--------------

0. Import modules
-----------------


.. GENERATED FROM PYTHON SOURCE LINES 37-46

.. code-block:: default


    # -------------------------------------------------------- #
    #                                                          #
    #     Uncomment below to set up environment on "colab"     #
    #                                                          #
    # -------------------------------------------------------- #

    # !pip install -U cofi








.. GENERATED FROM PYTHON SOURCE LINES 48-58

.. code-block:: default


    import numpy as np
    import matplotlib.pyplot as plt

    from cofi import BaseProblem, InversionOptions, Inversion

    from gravity_density_lib import *

    np.random.seed(42)








.. GENERATED FROM PYTHON SOURCE LINES 63-138

--------------

1. Define the problem
---------------------

.. raw:: html

   <!-- I took out gx, gy for now to make it more straight forward. We can add all kinds of things once it is working.  -->

This problem explores the gravitational acceleration of a
three-dimensional density model onto specified receiver locations. In
this example, only the z-component of the gravityational force is
calculated. The underlying code itself is capable of calculating all
three gravity components and six gradiometry components and could be
modified quickly if there is the need.

The gravitational acceleration is calculated using Newton’s law of
universal gravitation:

.. math::


       g (r) =- G \frac{ m} {r^2} 

With G being the gravitational constant, r is the distance of the mass
to the receiver and m is the overall mass of the model, which depends on
the density :math:`\rho` and the volume V:

.. math::


       m = \int_V {\rho(r) dV}

Here, we solve volume integral for the vertical component of :math:`g`
analytically, using the approach by Plouff et al., 1976:

.. math::


   g_z(M,N)=G \rho \sum_{i=1}^2 \sum_{j=1}^2 \sum_{k=1}^2  (-1)^{i+j+k} [tan^{-1} \frac{a_ib_j}{z_k R_{ijk}} - a_i ln(R_{ijk} + b_j) - b_j ln(R_{ijk} + a_i)]

with :math:`R_{ijk}=\sqrt{a_i^2 + b_j^2 + z_k^2}` and
:math:`a_i, b_j, z_k` being the distances from receiver N to the nodes
of the current prism M (i.e. grid cell) in x, y, and z directions. It is
assumed that :math:`\rho=const.` within each grid cell. For more
information, please see the original paper:

Plouff, D., 1976. *Gravity and magnetic fields of polygonal prisms and
application to magnetic terrain corrections.* **Geophysics**, 41(4),
pp.727-741

For further reading, see also Nagy et al., 2000:

Nagy, D., Papp, G. and Benedek, J., 2000. *The gravitational potential
and its derivatives for the prism.* **Journal of Geodesy**, 74(7),
pp.552-560

**Example details:**

1. **Model:** Density values on a regularly spaced, rectangular grid.
   Example-model one is a 3D cube of low density (10 :math:`kgm^{-3}`)
   containing a centrally located high-density cube (1000
   :math:`kgm^{-3}`). Example-model two repeats Figure 2 of Last and
   Kubik, 1983, which means a pseudo-2D model containing zero-density
   background cells and centrally high-density cells in the shape of a
   cross (1000 :math:`kgm^{-3}`).

   Last, B.J. and Kubik, K., 1983. *Compact gravity inversion.*
   **Geophysics**, 48(6), pp.713-721

2. **Returned data:** Gravitational acceleration (vertical component).

3. **Forward:** The volume integral is solved analytically following the
   above described approach by Plouff et al., 1976.


.. GENERATED FROM PYTHON SOURCE LINES 138-188

.. code-block:: default


    # Load true model and starting guesses
    rec_coords, _, _, z_nodes, model = load_gravity_model()
    Starting_model1, Starting_model2, Starting_model3 = load_starting_models()

    # Create "observed" data by adding noise to forward solution
    noise_level=0.05
    gz = forward(model)
    dataZ_obs= gz + np.random.normal(loc=0,scale=noise_level*np.max(np.abs(gz)),size=np.shape(gz))  

    # Create jacobian
    Jz = get_jacobian(model)

    # Define depth weighting values
    z0=18.6
    beta=2
    # Define regularization parameter
    epsilon=0.2

    # Create regularization
    # Calculate depth weighting fcn - high values at low z, low values at high z, no zeros.
    # Model is [Nx1] with N: no. of cells; W is [NxN] with weighting values on diagonal
    W=depth_weight(z_nodes[:,0],z0,beta)
    W=np.diag(W)

    # Set CoFI problem:
    grav_problem = BaseProblem()
    grav_problem.name = "Gravity"
    grav_problem.set_data(gz)

    # Here I linked the function, not the result
    grav_problem.set_forward(forward)

    # Here I linked to the actual jacobian. Jacobian size is (MxN) with M: receiver and N: model cells
    grav_problem.set_jacobian(Jz)

    # Set regularization; reg is a function that takes the model as input
    grav_problem.set_regularization(reg_l1, epsilon, args=[W])

    # Use default squared error misfit
    grav_problem.set_data_misfit("squared error")
    grav_problem.set_initial_model(Starting_model3)

    # Set gradient, in hope of helping optimizers converge better
    def data_misfit_gradient(model):
        return 2* Jz.T @ (forward(model) - gz) / gz.shape[0]
    grav_problem.set_gradient(lambda m: data_misfit_gradient(m) + epsilon*reg_gradient_l1(m, W))

    grav_problem.summary()





.. rst-class:: sphx-glr-script-out

 .. code-block:: none

    =====================================================================
    Summary for inversion problem: Gravity
    =====================================================================
    Model shape: (1728,)
    ---------------------------------------------------------------------
    List of functions/properties set by you:
    ['gradient', 'jacobian', 'regularization', 'regularization_factor', 'forward', 'data', 'initial_model', 'model_shape']
    ---------------------------------------------------------------------
    List of functions/properties created based on what you have provided:
    ['objective', 'residual', 'jacobian_times_vector', 'data_misfit']
    ---------------------------------------------------------------------
    List of functions/properties not set by you:
    ['objective', 'log_posterior', 'log_posterior_with_blobs', 'log_likelihood', 'log_prior', 'hessian', 'hessian_times_vector', 'residual', 'jacobian_times_vector', 'data_misfit', 'regularization_matrix', 'data_covariance', 'data_covariance_inv', 'walkers_starting_pos', 'blobs_dtype', 'bounds', 'constraints']




.. GENERATED FROM PYTHON SOURCE LINES 193-198

--------------

2. Define the inversion
-----------------------


.. GENERATED FROM PYTHON SOURCE LINES 198-204

.. code-block:: default


    inv_options = InversionOptions()
    inv_options.set_tool("scipy.optimize.least_squares")

    inv_options.summary()





.. rst-class:: sphx-glr-script-out

 .. code-block:: none

    =============================
    Summary for inversion options
    =============================
    Solving method: None set
    Use `suggest_solving_methods()` to check available solving methods.
    -----------------------------
    Backend tool: `scipy.optimize.least_squares` - SciPy's non-linear least squares solver with bounds on variables, algorithms include 'trf' (default), 'dogbox', and 'lm'
    References: ['https://docs.scipy.org/doc/scipy/reference/generated/scipy.optimize.least_squares.html']
    Use `suggest_tools()` to check available backend tools.
    -----------------------------
    Solver-specific parameters: None set
    Use `suggest_solver_params()` to check required/optional solver-specific parameters.




.. GENERATED FROM PYTHON SOURCE LINES 209-214

--------------

3. Start an inversion runner
----------------------------


.. GENERATED FROM PYTHON SOURCE LINES 214-218

.. code-block:: default


    inv = Inversion(grav_problem, inv_options)
    # inv.summary()








.. GENERATED FROM PYTHON SOURCE LINES 220-224

.. code-block:: default


    inv_result = inv.run()
    inv_result.summary()





.. rst-class:: sphx-glr-script-out

 .. code-block:: none

    ============================
    Summary for inversion result
    ============================
    SUCCESS
    ----------------------------
    cost: 0.0031260967846219786
    fun: [0.00021396 0.00024856 0.00028794 0.00033178 0.00037902 0.00042766
     0.00047458 0.00051569 0.00054653 0.00056312 0.00056312 0.00054653
     0.00051569 0.00047458 0.00042766 0.00037902 0.00033178 0.00028794
     0.00024856 0.00021396 0.00024856 0.0002936  0.00034639 0.00040702
     0.00047459 0.00054656 0.00061832 0.00068313 0.0007329  0.0007601
     0.0007601  0.0007329  0.00068313 0.00061832 0.00054656 0.00047459
     0.00040702 0.00034639 0.0002936  0.00024856 0.00028794 0.00034639
     0.00041713 0.00050137 0.00059898 0.00070732 0.00081989 0.00092549
     0.00100918 0.00105588 0.00105588 0.00100918 0.00092549 0.00081989
     0.00070732 0.00059898 0.00050137 0.00041713 0.00034639 0.00028794
     0.00033178 0.00040702 0.00050137 0.00061834 0.00076016 0.00092553
     0.00110637 0.00128454 0.00143175 0.00151624 0.00151624 0.00143175
     0.00128454 0.00110637 0.00092553 0.00076016 0.00061834 0.00050137
     0.00040702 0.00033178 0.00037902 0.00047459 0.00059898 0.00076016
     0.00096588 0.00122018 0.00151636 0.00182726 0.00209888 0.00226101
     0.00226101 0.00209888 0.00182726 0.00151636 0.00122018 0.00096588
     0.00076016 0.00059898 0.00047459 0.00037902 0.00042766 0.00054656
     0.00070732 0.00092553 0.00122018 0.00160958 0.00209907 0.00265613
     0.00318087 0.00351173 0.00351173 0.00318087 0.00265613 0.00209907
     0.00160958 0.00122018 0.00092553 0.00070732 0.00054656 0.00042766
     0.00047458 0.00061832 0.00081989 0.00110637 0.00151636 0.00209907
     0.00289905 0.00390514 0.00495205 0.0056648  0.0056648  0.00495205
     0.00390514 0.00289905 0.00209907 0.00151636 0.00110637 0.00081989
     0.00061832 0.00047458 0.00051569 0.00068313 0.00092549 0.00128454
     0.00182726 0.00265613 0.00390514 0.00566613 0.00773978 0.00930364
     0.00930364 0.00773978 0.00566613 0.00390514 0.00265613 0.00182726
     0.00128454 0.00092549 0.00068313 0.00051569 0.00054653 0.0007329
     0.00100918 0.00143175 0.00209888 0.00318087 0.00495205 0.00773978
     0.01147989 0.01464978 0.01464978 0.01147989 0.00773978 0.00495205
     0.00318087 0.00209888 0.00143175 0.00100918 0.0007329  0.00054653
     0.00056312 0.0007601  0.00105588 0.00151624 0.00226101 0.00351173
     0.0056648  0.00930364 0.01464978 0.01958985 0.01958985 0.01464978
     0.00930364 0.0056648  0.00351173 0.00226101 0.00151624 0.00105588
     0.0007601  0.00056312 0.00056312 0.0007601  0.00105588 0.00151624
     0.00226101 0.00351173 0.0056648  0.00930364 0.01464978 0.01958985
     0.01958985 0.01464978 0.00930364 0.0056648  0.00351173 0.00226101
     0.00151624 0.00105588 0.0007601  0.00056312 0.00054653 0.0007329
     0.00100918 0.00143175 0.00209888 0.00318087 0.00495205 0.00773978
     0.01147989 0.01464978 0.01464978 0.01147989 0.00773978 0.00495205
     0.00318087 0.00209888 0.00143175 0.00100918 0.0007329  0.00054653
     0.00051569 0.00068313 0.00092549 0.00128454 0.00182726 0.00265613
     0.00390514 0.00566613 0.00773978 0.00930364 0.00930364 0.00773978
     0.00566613 0.00390514 0.00265613 0.00182726 0.00128454 0.00092549
     0.00068313 0.00051569 0.00047458 0.00061832 0.00081989 0.00110637
     0.00151636 0.00209907 0.00289905 0.00390514 0.00495205 0.0056648
     0.0056648  0.00495205 0.00390514 0.00289905 0.00209907 0.00151636
     0.00110637 0.00081989 0.00061832 0.00047458 0.00042766 0.00054656
     0.00070732 0.00092553 0.00122018 0.00160958 0.00209907 0.00265613
     0.00318087 0.00351173 0.00351173 0.00318087 0.00265613 0.00209907
     0.00160958 0.00122018 0.00092553 0.00070732 0.00054656 0.00042766
     0.00037902 0.00047459 0.00059898 0.00076016 0.00096588 0.00122018
     0.00151636 0.00182726 0.00209888 0.00226101 0.00226101 0.00209888
     0.00182726 0.00151636 0.00122018 0.00096588 0.00076016 0.00059898
     0.00047459 0.00037902 0.00033178 0.00040702 0.00050137 0.00061834
     0.00076016 0.00092553 0.00110637 0.00128454 0.00143175 0.00151624
     0.00151624 0.00143175 0.00128454 0.00110637 0.00092553 0.00076016
     0.00061834 0.00050137 0.00040702 0.00033178 0.00028794 0.00034639
     0.00041713 0.00050137 0.00059898 0.00070732 0.00081989 0.00092549
     0.00100918 0.00105588 0.00105588 0.00100918 0.00092549 0.00081989
     0.00070732 0.00059898 0.00050137 0.00041713 0.00034639 0.00028794
     0.00024856 0.0002936  0.00034639 0.00040702 0.00047459 0.00054656
     0.00061832 0.00068313 0.0007329  0.0007601  0.0007601  0.0007329
     0.00068313 0.00061832 0.00054656 0.00047459 0.00040702 0.00034639
     0.0002936  0.00024856 0.00021396 0.00024856 0.00028794 0.00033178
     0.00037902 0.00042766 0.00047458 0.00051569 0.00054653 0.00056312
     0.00056312 0.00054653 0.00051569 0.00047458 0.00042766 0.00037902
     0.00033178 0.00028794 0.00024856 0.00021396]
    jac: [[-1.75321219e+01 -3.38411200e-01 -3.06869858e-01 ... -1.73057631e-03
      -1.66588458e-03 -5.48007057e-02]
     [-1.68840552e+01 -3.24685932e-01 -2.94388644e-01 ... -1.92104264e-03
      -1.84266060e-03 -5.75902632e-02]
     [-1.61228746e+01 -3.08996389e-01 -2.80242344e-01 ... -2.13787381e-03
      -2.04259707e-03 -6.05661091e-02]
     ...
     [-1.31905803e+00 -4.10155567e-02 -4.26471666e-02 ... -2.42634168e-02
      -2.92647846e-02 -3.04424095e+01]
     [-1.25879932e+00 -3.73995693e-02 -3.87733352e-02 ... -2.54841065e-02
      -3.07072725e-02 -3.05477128e+01]
     [-1.20184620e+00 -3.41459142e-02 -3.53042231e-02 ... -2.64905418e-02
      -3.18717157e-02 -3.06185272e+01]]
    grad: [-3.9256728  -0.20363257 -0.20903043 ... -0.18722546 -0.26295396
     -1.38416382]
    optimality: 3.9256727958393567
    active_mask: [0. 0. 0. ... 0. 0. 0.]
    nfev: 16
    njev: 16
    status: 3
    message: `xtol` termination condition is satisfied.
    model: [ 0.01535233  0.02008624  0.01629606 ...  0.0003716  -0.00419137
     -0.00445244]




.. GENERATED FROM PYTHON SOURCE LINES 229-231

Let’s see the density image from a vertical plane:


.. GENERATED FROM PYTHON SOURCE LINES 231-237

.. code-block:: default


    result_model = inv_result.model.reshape(12,12,12)

    plt.imshow(result_model[::-1,6,:])
    plt.colorbar();




.. image-sg:: /examples/generated/images/sphx_glr_gravity_density_001.png
   :alt: gravity density
   :srcset: /examples/generated/images/sphx_glr_gravity_density_001.png
   :class: sphx-glr-single-img


.. rst-class:: sphx-glr-script-out

 .. code-block:: none


    <matplotlib.colorbar.Colorbar object at 0x7f7952050970>



.. GENERATED FROM PYTHON SOURCE LINES 242-244

From a different angle:


.. GENERATED FROM PYTHON SOURCE LINES 244-248

.. code-block:: default


    plt.imshow(result_model[6,:,:])
    plt.colorbar();




.. image-sg:: /examples/generated/images/sphx_glr_gravity_density_002.png
   :alt: gravity density
   :srcset: /examples/generated/images/sphx_glr_gravity_density_002.png
   :class: sphx-glr-single-img


.. rst-class:: sphx-glr-script-out

 .. code-block:: none


    <matplotlib.colorbar.Colorbar object at 0x7f7951f8e6b0>



.. GENERATED FROM PYTHON SOURCE LINES 253-258

--------------

Watermark
---------


.. GENERATED FROM PYTHON SOURCE LINES 258-264

.. code-block:: default


    watermark_list = ["cofi", "numpy", "scipy", "matplotlib", "emcee", "arviz"]
    for pkg in watermark_list:
        pkg_var = __import__(pkg)
        print(pkg, getattr(pkg_var, "__version__"))





.. rst-class:: sphx-glr-script-out

 .. code-block:: none

    cofi 0.1.2.dev13
    numpy 1.21.6
    scipy 1.9.1
    matplotlib 3.5.3
    emcee 3.1.2
    arviz 0.12.1





.. rst-class:: sphx-glr-timing

   **Total running time of the script:** ( 0 minutes  19.617 seconds)


.. _sphx_glr_download_examples_generated_gravity_density.py:

.. only:: html

  .. container:: sphx-glr-footer sphx-glr-footer-example


    .. container:: sphx-glr-download sphx-glr-download-python

      :download:`Download Python source code: gravity_density.py <gravity_density.py>`

    .. container:: sphx-glr-download sphx-glr-download-jupyter

      :download:`Download Jupyter notebook: gravity_density.ipynb <gravity_density.ipynb>`


.. only:: html

 .. rst-class:: sphx-glr-signature

    `Gallery generated by Sphinx-Gallery <https://sphinx-gallery.github.io>`_
